
000	0
141212	0.5
115834	0.6
116	0.6
501	1
207	2
10000	3
16000	4
11	33.2
12	34.2
94	34.2
9101	488883.7
20	488884.7

000	0
141212	0.4
121019	0.4
272	0.4
501	1
207	2
10000	3
16000	4
11	33.2
12	34.2
94	34.2
9101	64367.1
20	64368.1
40	73399.3
30	74564
94	34.2
9101	82529.5
20	82530.5
40	142399.7
30	143132
94	34.2
9101	150563.4
20	150564.4
40	161645.2
30	164161
94	34.2
9101	174057.9
20	174058.9
40	201052.6
30	202252
94	34.2
9101	211365.8
20	211366.8
40	219048.3
30	220448
94	34.2
9101	226160.6
20	226161.6

000	0
141212	0.3
121435	0.3
241	0.3
501	1
207	2
10000	3
16000	4
11	33.2
12	34.2
94	34.2
9101	8863.5
20	8864.5
40	21994.7
61	22944.5
8001	22944.5
8	22921
80	22922
90	3.76681551328755e-283
9102	27959
20	27960
40	68233.8
62	68917
8002	68917
8	68900
80	68901
90	73932.5
9103	74395.9
20	74396.9
40	99393.2
63	100193
8003	100193
8	100174
80	100175
90	73932.5
9104	104501.7
20	104502.7
40	116155.8
62	117189
8004	117189
8	117172
80	117173
90	73932.5
9105	121900.9
20	121901.9
40	128619.6
61	129469.4
8005	129469.4
8	129457
80	129458
90	134185

000	0
141212	0.3
121808	0.3
554	0.3
501	1
207	2
10000	3
16000	4
11	33.2
12	34.2
94	34.2
9101	16778.3
20	16779.3
40	25277.3
63	26025.5
8001	26025.5
8	26017
80	26018
90	3.76768567508942e-283
9102	30691.6
20	30692.6
40	43323
61	44038.3
8002	44038.3
8	44030
80	44031
90	3.76768567508942e-283
9103	48137.6
20	48138.6
40	62668.5
61	63668.2
8003	63668.2
8	63653
80	63654
90	3.76768567508942e-283
9104	68682.7
20	68683.7
40	77914.9
63	78781.3
8004	78781.3
8	78757
80	78758
90	3.76768567508942e-283
9105	83795.8
20	83796.8
40	90461.8
62	91142.6
8005	91142.6
8	91133
80	91134
90	3.76768567508942e-283
9106	96141.9
20	96142.9
40	103192.2
63	104089.3
8006	104089.3
8	104081
80	104082
90	3.76768567508942e-283
9107	108506.7
20	108507.7
40	119455.1
61	120238.2
8007	120238.2
8	120222
80	120223
90	3.76768567508942e-283
9108	125019.4
20	125020.4
40	133901.7
62	134968.1
8008	134968.1
8	134943
80	134944
190	134968.1
94	34.2
9109	139497.1
20	139498.1
40	145349
62	146465.4
8009	146465.4
8	146452
80	146453
400	150896.7
100	150897.7
11	153913.6
13	153914.6
94	153914.6

000	0
141212	0.3
122311	0.3
851	0.3
501	1
207	2
10000	3
16000	4
11	33.2
12	34.2
94	34.2
9101	17078.2
20	17079.2
40	24394.2
63	25210.6
8001	25210.6
8	25192
80	25193
90	3.76674988316223e-283
9102	30225.1
20	30226.1
40	37757.7
61	38657.5
8002	38657.5
8	38632
80	38633
90	3.76674988316223e-283
9103	43238.7
20	43239.7
40	43239.7
62	54537
8003	54537
8	54520
80	54521
90	59552.5
9104	124069.7
20	124070.7
40	127836.5
61	129217.9
8004	129217.9
8	129209
80	129210
90	59552.5
9105	134000.6
20	134001.6
40	142166.3
62	143066.2
8005	143066.2
8	143049
80	143050
90	59552.5
9106	147447.5
20	147448.5
40	154913.4
62	155913.2
8006	155913.2
8	155894
80	155895
90	59552.5
9107	160194.5
20	160195.5
40	167210.5
61	168093.6
8007	168093.6
8	168075
80	168076
90	59552.5
9108	172341.6
20	172342.6
40	179157.7
63	179988
8008	179988
8	179980
80	179981
90	59552.5
9109	184738.7
20	184739.7
40	191388.1
63	192387.8
8009	192387.8
8	192375
80	192376
90	59552.5
9110	196365.3
20	196366.3
40	204785
61	205701.4
8010	205701.4
8	205689
80	205690
90	59552.5
9111	210349.3
20	210350.3
40	218481.8
63	219381.5
8011	219381.5
8	219363
80	219364
90	59552.5
9112	224396
20	224397
40	231378.7
61	232711.7
8012	232711.7
8	232686
80	232687
90	59552.5
9113	236943.1
20	236944.1
40	244009.1
62	245342.1
8013	245342.1
8	245318
80	245319
90	59552.5
9114	249890
20	249891
40	256006.3
62	256839.4
8014	256839.4
8	256823
80	256824
90	59552.5
9115	261133.3
20	261134.3
40	267720.2
63	269169.8
8015	269169.8
8	269147
80	269148
90	59552.5
9116	273434.4
20	273435.4
40	279600.7
61	280550.5
8016	280550.5
8	280530
80	280531
90	59552.5
9117	285231.7
20	285232.7
40	291081.3
62	291847.8
8017	291847.8
8	291827
80	291828
90	59552.5
9118	296229.1
20	296230.1
40	302928.5
63	304259.4
8018	304259.4
8	304251
80	304252
90	59552.5
9119	308909.4
20	308910.4
40	314759.1
62	316142.1
8019	316142.1
8	316126
80	316127
90	59552.5
9120	320556.7
20	320557.7
40	328272.5
62	329438.9
8020	329438.9
8	329425
80	329426
90	59552.5
9121	333836.9
20	333837.9
40	341536.1
63	343033.2
8021	343033.2
8	343025
80	343026
90	59552.5
9122	347114.9
20	347115.9
40	354699.6
63	356046.2
8022	356046.2
8	356039
80	356040
90	59552.5
9123	360330.7
20	360331.7
40	367096.7
61	368313.1
8023	368313.1
8	368299
80	368300
190	368313.1
94	34.2
9124	372577.8
20	372578.8
40	378310.7
61	379675.8
8024	379675.8
8	379669
80	379670
400	384025.1
100	384026.1
11	387042
13	387043
94	387043
9201	411032.3
20	411033.3
40	415935.2
63	416385.1
8025	416385.1
8	416365
80	416366
90	59552.5
9202	419750
20	419751
40	424816.5
63	425547.1
8026	425547.1
8	425540
80	425541
90	59552.5
9203	429031.1
20	429032.1
40	433231.1
63	434230.9
8027	434230.9
8	434216
80	434217
90	59552.5
9204	437379.2
20	437380.2
40	441695.8
62	442628.9
8028	442628.9
8	442605
80	442606
90	59552.5
9205	445527.2
20	445528.2
40	450243.8
63	451010.3
8029	451010.3
8	450990
80	450991
90	59552.5
9206	454641.8
20	454642.8
40	459841.5
63	460674.7
8030	460674.7
8	460657
80	460658
90	59552.5
9207	464122.9
20	464123.9
40	469472.5
62	470355.7
8031	470355.7
8	470339
80	470340
90	59552.5
9208	473970.5
20	473971.5
40	478703.7
62	479553.5
8032	479553.5
8	479543
80	479544
90	59552.5
9209	482968.4
20	482969.4
40	487784.9
63	488618.1
8033	488618.1
8	488604
80	488605
90	59552.5
9210	492366.2
20	492367.2
40	496682.8
62	497514.3
8034	497514.3
8	497505
80	497506
90	59552.5
9211	500914.2
20	500915.2
40	505947.3
61	506747.1
8035	506747.1
8	506727
80	506728
90	59552.5
9212	510162
20	510163
40	515928.3
61	516561.5
8036	516561.5
8	516539
80	516540
90	59552.5
9213	519959.7
20	519960.7
40	525126.1
63	525876
8037	525876
8	525858
80	525859
90	59552.5
9214	529324.1
20	529325.1
40	534157.3
62	534923.8
8038	534923.8
8	534901
80	534902
90	538273
9215	538422
20	538423
40	542205.4
62	543021.9
8039	543021.9
8	543001
80	543002
90	538273
9216	546252.2
20	546253.2
40	550553.5
62	551386.6
8040	551386.6
8	551363
80	551364
90	538273
9217	554768.1
20	554769.1
40	560784.4
61	561500.9
8041	561500.9
8	561480
80	561481
90	538273
9218	564831.4
20	564832.4
40	570015.5
61	570698.7
8042	570698.7
8	570687
80	570688
90	573964.6
9219	574063.6
20	574064.6
40	578563.5
62	579246.7
8043	579246.7
8	579230
80	579231
90	582262.7
9220	582345
20	582346
40	586642.9
61	587378.1
8044	587378.1
8	587360
80	587361
90	582262.7
9221	590626.4
20	590627.4
40	595509.5
61	596259.4
8045	596259.4
8	596249
80	596250
90	599575.2
9222	599657.6
20	599658.6
40	604874
61	605457.2
8046	605457.2
8	605436
80	605437
90	608639.8
9223	609105.3
20	609106.3
40	615221.6
63	615738.1
8047	615738.1
8	615713
80	615714
190	615738.1
94	387043
9224	618886.4
20	618887.4
40	623769.5
61	624552.7
8048	624552.7
8	624530
80	624531
400	627800.9
100	627801.9
10	630817.9
13	630818.9
94	630818.9
9301	969970.2
20	969971.2
40	974886.7
62	975619.9
8049	975619.9
7	975597
80	975598
90	979635.6
9302	979917.9
20	979918.9
40	987333.8
63	988017
8050	988017
7	987992
80	987993
90	979635.6
9303	991915.1
20	991916.1
40	998764.4
63	999597.6
8051	999597.6
7	999579
80	999580
90	979635.6
9304	1003445.7
20	1003446.7
40	1007812.3
63	1008562.1
8052	1008562.1
7	1008542
80	1008543
90	979635.6
9305	1012242.5
20	1012243.5
40	1017476.7
61	1018293.2
8053	1018293.2
7	1018275
80	1018276
90	979635.6
9306	1022341.2
20	1022342.2
40	1029790.5
62	1030457
8054	1030457
7	1030442
80	1030443
90	979635.6
9307	1034238.4
20	1034239.4
40	1040604.6
63	1041387.7
8055	1041387.7
7	1041370
80	1041371
90	979635.6
9308	1045519.1
20	1045520.1
40	1050935.5
61	1051818.6
8056	1051818.6
7	1051799
80	1051800
90	979635.6
9309	1055633.4
20	1055634.4
40	1062182.8
62	1062999.3
8057	1062999.3
7	1062981
80	1062982
90	979635.6
9310	1067380.6
20	1067381.6
40	1073446.8
61	1074313.3
8058	1074313.3
7	1074300
80	1074301
90	979635.6
9311	1078028.1
20	1078029.1
40	1083994.3
62	1084794.2
8059	1084794.2
7	1084772
80	1084773
90	979635.6
9312	1088808.9
20	1088809.9
40	1094675.2
62	1095358.3
8060	1095358.3
7	1095336
80	1095337
90	979635.6
9313	1099356.4
20	1099357.4
40	1103889.7
62	1104954.3
8061	1104954.3
7	1104947
80	1104948
90	979635.6
9314	1108687.5
20	1108688.5
40	1114670.4
61	1115386.9
8062	1115386.9
7	1115372
80	1115373
90	979635.6
9315	1119168.4
20	1119169.4
40	1126084.4
63	1126784.3
8063	1126784.3
7	1126767
80	1126768
90	979635.6
9316	1130532.4
20	1130533.4
40	1136781.9
63	1137498.4
8064	1137498.4
7	1137484
80	1137485
90	979635.6
9317	1141213.2
20	1141214.2
40	1146546.2
61	1147612.7
8065	1147612.7
7	1147587
80	1147588
90	979635.6
9318	1151427.4
20	1151428.4
40	1157477
62	1158276.8
8066	1158276.8
7	1158254
80	1158255
90	979635.6
9319	1162291.6
20	1162292.6
40	1168741
61	1169507.5
8067	1169507.5
7	1169482
80	1169483
90	979635.6
9320	1173488.9
20	1173489.9
40	1179588.5
63	1180286.1
8068	1180286.1
7	1180278
80	1180279
90	979635.6
9321	1184469.7
20	1184470.7
40	1190402.6
62	1191519
8069	1191519
7	1191497
80	1191498
90	979635.6
9322	1195517
20	1195518
40	1201647.5
63	1202330.3
8070	1202330.3
7	1202322
80	1202323
90	979635.6
9323	1206014.6
20	1206015.6
40	1211697.6
61	1212697.3
8071	1212697.3
7	1212672
80	1212673
190	1212697.3
94	630818.9
9324	1216495.4
20	1216496.4
40	1221861.8
61	1222943.3
8072	1222943.3
7	1222936
80	1222937
400	1226676.4
100	1226677.4
10	1229693.3
12	1229694.3
94	1229694.3
9401	1245855.2
20	1245856.2
40	1256719.1
62	1257503.4
8073	1257503.4
7	1257477
80	1257478
90	979635.6
9402	1261534.8
20	1261535.8
40	1269084
63	1269950.5
8074	1269950.5
7	1269934
80	1269935
90	979635.6
9403	1274581.7
20	1274582.7
40	1281697.7
63	1282747.5
8075	1282747.5
7	1282725
80	1282726
90	979635.6
9404	1287028.8
20	1287029.8
40	1294211.4
63	1295127.9
8076	1295127.9
7	1295111
80	1295112
90	979635.6
9405	1299425.9
20	1299426.9
40	1306575.2
61	1307275
8077	1307275
7	1307255
80	1307256
90	979635.6
9406	1311839.6
20	1311840.6
40	1321055.1
63	1321938.2
8078	1321938.2
7	1321916
80	1321917
90	979635.6
9407	1326219.6
20	1326220.6
40	1332635.7
62	1333568.8
8079	1333568.8
7	1333547
80	1333548
90	979635.6
9408	1337616.9
20	1337617.9
40	1343983
62	1344830.2
8080	1344830.2
7	1344823
80	1344824
90	979635.6
9409	1348830.9
20	1348831.9
40	1355013.8
62	1355863.6
8081	1355863.6
7	1355840
80	1355841
90	979635.6
9410	1360028.3
20	1360029.3
40	1366744.3
63	1367660.8
8082	1367660.8
7	1367638
80	1367639
90	979635.6
9411	1371792.2
20	1371793.2
40	1378624.9
63	1379874.6
8083	1379874.6
7	1379852
80	1379853
90	979635.6
9412	1384272.5
20	1384273.5
40	1390122.2
63	1391121.9
8084	1391121.9
7	1391107
80	1391108
90	979635.6
9413	1395553.2
20	1395554.2
40	1401836.1
61	1402885.8
8085	1402885.8
7	1402871
80	1402872
90	1407534.7
9414	1416681.6
20	1416682.6
40	1419615.2
62	1420531.7
8086	1420531.7
7	1420513
80	1420514
90	1407534.7
9415	1424679.7
20	1424680.7
40	1431493.5
63	1432662.1
8087	1432662.1
7	1432647
80	1432648
90	1407534.7
9416	1436760.2
20	1436761.2
40	1443459.6
61	1444259.4
8088	1444259.4
7	1444247
80	1444248
90	1407534.7
9417	1448857.3
20	1448858.3
40	1458022.8
61	1458770.3
8089	1458770.3
7	1458763
80	1458764
90	1407534.7
9418	1463470.5
20	1463471.5
40	1472086.2
61	1473135.9
8090	1473135.9
7	1473124
80	1473125
90	1407534.7
9419	1478033.8
20	1478034.8
40	1484399.9
62	1485383
8091	1485383
7	1485367
80	1485368
90	1407534.7
9420	1489781
20	1489782
40	1496163.8
61	1496980.3
8092	1496980.3
7	1496964
80	1496965
90	1407534.7
9421	1501378.3
20	1501379.3
40	1509110.8
61	1510027.2
8093	1510027.2
7	1510009
80	1510010
90	1407534.7
9422	1515025
20	1515026
40	1521524.5
62	1522491
8094	1522491
7	1522471
80	1522472
90	1526739.9
9423	1527988.7
20	1527989.7
40	1532072
62	1533171.8
8095	1533171.8
7	1533158
80	1533159
190	1533171.8
94	1229694.3
9424	1537269.8
20	1537270.8
40	1544585.7
61	1545918.8
8096	1545918.8
7	1545903
80	1545904
400	1550383.4
101	1550384.4