
000	0
130422	0.6
134829	0.6
750	0.6
500	1
201	2
10000	3
17000	4
10	33.2
13	34.2
9101	189273.8
20	189274.8
40	195387.8
63	195990
8001	195990
5	195973
80	195974
9102	200204.7
20	200205.7
40	208070.7
62	208703.9
8002	208703.9
5	208687
80	208688
9103	212918.6
20	212919.6
40	218268.4
61	218899
8003	218899
5	218891
80	218892
9104	223183
20	223184
40	227949.6
61	228599.5
8004	228599.5
5	228587
80	228588
9105	232797.5
20	232798.5
40	238247.3
62	238797.2
8005	238797.2
5	238775
80	238776
9106	242978.6
20	242979.6
30	243062
9106	244078.4
20	244079.4
30	248611
9106	257942
20	257943
30	259659
9106	286185.8
20	286186.8
30	286886
9106	295317.1
20	295318.1
30	295834
9106	296383.5
20	296384.5
30	297301
9106	306481.3
20	306482.3
30	306565
9106	308430.8
20	308431.8
30	308898
9106	328843
20	328844
30	330543
9106	331009.2
20	331010.2
40	336908.9
30	337758
9106	338406.3
20	338407.3
30	338433
9106	338674.2
20	338675.2
30	339391
9106	344872.8
20	344873.8
30	346940
9106	347071.1
20	347072.1
40	349956
63	351089.1
8006	351089.1
5	351065
80	351066
9107	354887.3
20	354888.3
40	359837.2
63	360603.7
8007	360603.7
5	360584
80	360585
9108	364318.5
20	364319.5
40	368435.3
62	369001.8
8008	369001.8
5	368975
80	368976
9109	373116.6
20	373117.6
40	378383.1
62	378932.9
8009	378932.9
5	378917
80	378918
9110	382714.4
20	382715.4
40	387681
62	388280.9
8010	388280.9
5	388262
80	388263
9111	392628.9
20	392629.9
40	396745.7
63	397312.2
8011	397312.2
5	397289
80	397290
9112	401343.7
20	401344.7
40	405593.7
62	406160.3
8012	406160.3
5	406146
80	406147
9113	410191.7
20	410192.7
40	414458.4
62	414958.3
8013	414958.3
5	414936
80	414937
9114	418739.8
20	418740.8
40	424906.1
61	425472.7
8014	425472.7
5	425460
80	425461
9115	430220.6
20	430221.6
40	437836.6
61	438486.5
8015	438486.5
5	438466
80	438467
9116	442467.9
20	442468.9
40	447001.2
62	447567.8
8016	447567.8
5	447550
80	447551
9117	451665.9
20	451666.9
40	457715.5
61	458298.8
8017	458298.8
5	458273
80	458274
9118	462830.1
20	462831.1
30	463947
9118	464046.5
20	464047.5
40	468946.4
63	469512.9
8018	469512.9
5	469501
80	469502
9119	473311.1
20	473312.1
40	477994.4
63	478577.6
8019	478577.6
5	478557
80	478558
9120	482675.7
20	482676.7
40	487559
61	488175.5
8020	488175.5
5	488152
80	488153
9121	493339.9
20	493340.9
40	498573.2
63	499173.1
8021	499173.1
5	499149
80	499150
9122	503204.5
20	503205.5
40	507904.5
61	508521
8022	508521
5	508498
80	508499
9123	513085.6
20	513086.6
40	518018.9
63	518685.4
8023	518685.4
5	518660
80	518661
9124	522983.5
20	522984.5
40	527200.2
61	527833.4
8024	527833.4
5	527821
80	527822
100	532232.4
10	535248.4
12	535249.4
9201	1076311.3
20	1076312.3
30	1087176
9201	1088541.8
20	1088542.8
30	1089076
9201	1092423
20	1092424
30	1093091
9201	1117602.1
20	1117603.1
30	1119536
9201	1123634.1
20	1123635.1
30	1124968
9201	1128166.5
20	1128167.5
30	1129167
9201	1129716.1
20	1129717.1
30	1138615
9201	1140247.1
20	1140248.1
40	1143630.7
62	1144880.5
8025	1144880.5
5	1144858
80	1144859
9202	1149411.8
20	1149412.8
40	1157977.6
61	1158992.7
8026	1158992.7
5	1158984
80	1158985
9203	1165008.3
20	1165009.3
30	1167775
9203	1173206.5
20	1173207.5
40	1182388.8
62	1183455.3
8027	1183455.3
5	1183438
80	1183439
9204	1188969.7
20	1188970.7
40	1199068.5
61	1199935
8028	1199935
5	1199920
80	1199921
9205	1205949.3
20	1205950.3
30	1212265
9205	1212397.9
20	1212398.9
30	1224962
9205	1229227.5
20	1229228.5
40	1235110.5
63	1236093.6
8029	1236093.6
5	1236069
80	1236070
9206	1241091.5
20	1241092.5
30	1241292
9206	1241374.8
20	1241375.8
40	1249774
63	1250973.7
8030	1250973.7
5	1250952
80	1250953
9207	1255788.3
20	1255789.3
40	1265337.2
61	1266220.3
8031	1266220.3
5	1266195
80	1266196
9208	1272234.7
20	1272235.7
40	1286249.2
62	1287099.1
8032	1287099.1
5	1287076
80	1287077
9209	1293113.4
20	1293114.4
40	1303978.7
62	1304778.5
8033	1304778.5
5	1304758
80	1304759
9210	1310043
20	1310044
40	1317109.1
62	1318242.2
8034	1318242.2
5	1318232
80	1318233
9211	1323040.1
20	1323041.1
30	1323341
9211	1323379.6
20	1323380.6
40	1330739.4
62	1331522.6
8035	1331522.6
5	1331505
80	1331506
9212	1336653.8
20	1336654.8
40	1342953.4
62	1344019.8
8036	1344019.8
5	1344004
80	1344005
9213	1348984.4
20	1348985.4
40	1357850.1
61	1359033.2
8037	1359033.2
5	1359013
80	1359014
9214	1364131
20	1364132
30	1364348
9214	1364497.6
20	1364498.6
40	1371447.1
62	1372746.8
8038	1372746.8
5	1372721
80	1372722
9215	1377144.8
20	1377145.8
40	1384844.1
61	1385927.2
8039	1385927.2
5	1385906
80	1385907
9216	1391375
20	1391376
30	1401707
9216	1403422.4
20	1403423.4
40	1409755.3
61	1410638.4
8040	1410638.4
5	1410622
80	1410623
9217	1416652.8
20	1416653.8
30	1421336
9217	1421535
20	1421536
40	1425651.8
63	1426568.3
8041	1426568.3
5	1426543
80	1426544
9218	1431416.2
20	1431417.2
30	1439165
9218	1443313.6
20	1443314.6
40	1448380.1
63	1449213.3
8042	1449213.3
5	1449191
80	1449192
9219	1453777.9
20	1453778.9
40	1461094
63	1461993.8
8043	1461993.8
5	1461982
80	1461983
9220	1466391.8
20	1466392.8
30	1470008
9220	1471190.7
20	1471191.7
40	1476957.1
61	1477640.3
8044	1477640.3
5	1477627
80	1477628
9221	1483654.7
20	1483655.7
40	1490420.8
63	1491470.6
8045	1491470.6
5	1491451
80	1491452
9222	1495935.3
20	1495936.3
40	1503651.2
61	1504501
8046	1504501
5	1504480
80	1504481
9223	1510515.4
20	1510516.4
40	1520280.9
63	1521330.7
8047	1521330.7
5	1521309
80	1521310
9224	1525795.3
20	1525796.3
40	1532644.8
63	1533528
8048	1533528
5	1533519
80	1533520
100	1538043.6
11	1541059.6
13	1541060.6
9301	2445275.7
20	2445276.7
40	2449142.5
62	2450242.3
8049	2450242.3
6	2450226
80	2450227
9302	2453323.9
20	2453324.9
40	2458390.5
63	2458907
8050	2458907
6	2458887
80	2458888
9303	2461505.5
20	2461506.5
40	2506913.1
62	2507696.3
8051	2507696.3
6	2507674
80	2507675
9304	2510578
20	2510579
70	2513911.6
40	2514711.4
62	2515191.9
8052	2515191.9
6	2515185
80	2515186
9305	2518009.7
20	2518010.7
40	2522692.9
61	2523192.9
8053	2523192.9
6	2523168
80	2523169
9306	2525924.6
20	2525925.6
40	2531007.8
63	2531574.3
8054	2531574.3
6	2531560
80	2531561
9307	2534239.4
20	2534240.4
40	2541922.1
61	2542455.3
8055	2542455.3
6	2542442
80	2542443
9308	2544987
20	2544988
70	2548870.5
40	2549470.4
62	2550053.5
8056	2550053.5
6	2550041
80	2550042
9309	2553101.9
20	2553102.9
40	2558185.1
63	2558701.7
8057	2558701.7
6	2558684
80	2558685
9310	2561566.7
20	2561567.7
70	2565216.9
40	2565716.8
62	2566283.3
8058	2566283.3
6	2566262
80	2566263
9311	2568898.4
20	2568899.4
70	2573148.5
40	2573315.1
63	2573881.7
8059	2573881.7
6	2573861
80	2573862
9312	2576880
20	2576881
70	2580746.8
40	2580896.8
63	2581380
8060	2581380
6	2581358
80	2581359
9313	2584528.3
20	2584529.3
70	2588278.5
40	2588395.1
62	2588911.7
8061	2588911.7
6	2588899
80	2588900
9314	2592060
20	2592061
70	2595843.5
40	2595926.8
62	2596491.7
8062	2596491.7
6	2596484
80	2596485
9315	2599558.3
20	2599559.3
40	2604308.3
63	2604908.2
8063	2604908.2
6	2604890
80	2604891
9316	2608006.5
20	2608007.5
70	2611606.7
40	2611923.3
61	2612473.2
8064	2612473.2
6	2612454
80	2612455
9317	2615538.1
20	2615539.1
40	2620171.5
63	2620771.3
8065	2620771.3
6	2620759
80	2620760
9318	2623619.7
20	2623620.7
40	2627903.1
61	2628586.3
8066	2628586.3
6	2628570
80	2628571
9319	2633634.2
20	2633635.2
40	2638100.8
62	2638617.4
8067	2638617.4
6	2638601
80	2638602
9320	2641949
20	2641950
40	2647248.8
61	2647765.4
8068	2647765.4
6	2647750
80	2647751
9321	2651047
20	2651048
40	2655080.4
61	2655713.6
8069	2655713.6
6	2655691
80	2655692
9322	2659028.5
20	2659029.5
40	2664228.4
61	2664828.3
8070	2664828.3
6	2664807
80	2664808
9323	2667926.6
20	2667927.6
40	2672276.6
63	2672859.8
8071	2672859.8
6	2672848
80	2672849
9324	2675858.2
20	2675859.2
40	2680041.5
61	2680523.4
8072	2680523.4
6	2680515
80	2680516
100	2683640.8
11	2686656.8
12	2686657.8
9401	2763088.9
20	2763089.9
40	2770121.7
63	2771038.1
8073	2771038.1
6	2771020
80	2771021
9402	2774419.8
20	2774420.8
40	2780936
63	2781669.1
8074	2781669.1
6	2781660
80	2781661
9403	2785484
20	2785485
40	2790933.8
62	2791666.9
8075	2791666.9
6	2791652
80	2791653
9404	2795465.1
20	2795466.1
40	2800431.7
62	2801198.2
8076	2801198.2
6	2801185
80	2801186
9405	2805679.5
20	2805680.5
40	2810729.4
62	2811462.6
8077	2811462.6
6	2811441
80	2811442
9406	2815160.8
20	2815161.8
40	2821343.7
62	2822160.2
8078	2822160.2
6	2822145
80	2822146
9407	2825641.8
20	2825642.8
40	2831224.9
62	2831922.1
8079	2831922.1
6	2831915
80	2831916
9408	2835289.7
20	2835290.7
40	2840739.4
63	2841472.6
8080	2841472.6
6	2841454
80	2841455
9409	2845037.5
20	2845038.5
40	2851037.2
63	2851820.3
8081	2851820.3
6	2851804
80	2851805
9410	2855468.5
20	2855469.5
40	2862501.3
62	2863467.7
8082	2863467.7
6	2863442
80	2863443
9411	2867132.6
20	2867133.6
40	2874265.4
61	2874965.2
8083	2874965.2
6	2874952
80	2874953
9412	2878813.4
20	2878814.4
40	2886079.4
63	2886746
8084	2886746
6	2886730
80	2886731
9413	2890260.9
20	2890261.9
40	2895844
61	2896677.1
8085	2896677.1
6	2896664
80	2896665
9414	2900575.2
20	2900576.2
40	2906491.6
63	2907374.7
8086	2907374.7
6	2907353
80	2907354
9415	2911172.9
20	2911173.9
40	2917972.4
61	2918805.6
8087	2918805.6
6	2918781
80	2918782
9416	2922753.7
20	2922754.7
40	2929719.8
63	2930469.6
8088	2930469.6
6	2930452
80	2930453
9417	2933934.6
20	2933935.6
40	2939367.7
62	2939967.6
8089	2939967.6
6	2939949
80	2939950
9418	2943799
20	2943800
40	2949532.1
61	2950331.9
8090	2950331.9
6	2950306
80	2950307
9419	2953980.1
20	2953981.1
40	2961662.8
61	2962379.2
8091	2962379.2
6	2962362
80	2962363
9420	2966144.1
20	2966145.1
40	2972477
63	2973243.5
8092	2973243.5
6	2973225
80	2973226
9421	2976425.2
20	2976426.2
30	2976509
9421	2976791.8
20	2976792.8
40	2983524.6
62	2984188.5
8093	2984188.5
6	2984179
80	2984180
9422	2987872.7
20	2987873.7
40	2994405.5
61	2995172
8094	2995172
6	2995146
80	2995147
9423	2999186.8
20	2999187.8
40	3006569.5
61	3007236
8095	3007236
6	3007225
80	3007226
9424	3011150.8
20	3011151.8
40	3017917
61	3019031
8096	3019031
6	3019024
80	3019025
101	3022299.3