
000	0
141209	0.5
100310	0.6
906	0.6
500	1
202	2
10000	3
16000	4
10	33.2
13	34.2
94	34.2
9101	56934.4
20	56935.4
40	64551.3
63	65401.2
8001	65401.2
7	65379
80	65380
90	69466.9
9102	71148.8
20	71149.8
40	75065.5
62	75965.3
8002	75965.3
7	75950
80	75951
90	69466.9
9103	79696.8
20	79697.8
40	84580
63	85446.4
8003	85446.4
7	85422
80	85423
90	69466.9
9104	89361.2
20	89362.2
40	94560.9
63	95260.8
8004	95260.8
7	95241
80	95242
90	69466.9
9105	98592.3
20	98593.3
40	102892.3
62	103592.1
8005	103592.1
7	103567
80	103568
90	69466.9
9106	107051.6
20	107052.6
40	112640
61	113306.5
8006	113306.5
7	113286
80	113287
90	69466.9
9107	116781.6
20	116782.6
40	122137.8
61	122737.6
8007	122737.6
7	122721
80	122722
90	69466.9
9108	126169.2
20	126170.2
40	131635.5
63	132117
8008	132117
7	132109
80	132110
90	69466.9
9109	135398
20	135399
40	143582.7
62	144165.9
8009	144165.9
7	144144
80	144145
90	69466.9
9110	147330.8
20	147331.8
40	154296.9
63	154880.1
8010	154880.1
7	154856
80	154857
90	69466.9
9111	158511.5
20	158512.5
40	163894.6
61	164411.1
8011	164411.1
7	164394
80	164395
90	69466.9
9112	167409.4
20	167410.4
40	172409.3
62	173009
8012	173009
7	172996
80	172997
90	69466.9
9113	176284.7
20	176285.7
40	181723.7
62	182290.3
8013	182290.3
7	182267
80	182268
90	69466.9
9114	186071.6
20	186072.6
40	191721.4
63	192254.6
8014	192254.6
7	192232
80	192233
90	69466.9
9115	195669.4
20	195670.4
40	200802.6
61	201352.4
8015	201352.4
7	201341
80	201342
90	69466.9
9116	204564.9
20	204565.9
40	209467.2
62	210017.1
8016	210017.1
7	209990
80	209991
90	69466.9
9117	213398.6
20	213399.6
40	218265.1
63	218798.3
8017	218798.3
7	218776
80	218777
90	69466.9
9118	222213.2
20	222214.2
40	227163
61	227729.6
8018	227729.6
7	227712
80	227713
90	69466.9
9119	231111.1
20	231112.1
40	236277.5
61	236827.4
8019	236827.4
7	236818
80	236819
90	69466.9
9120	240088.8
20	240089.8
40	244992.1
61	245492
8020	245492
7	245475
80	245476
90	69466.9
9121	248723.6
20	248724.6
40	253806.7
62	254406.6
8021	254406.6
7	254383
80	254384
90	69466.9
9122	257921.4
20	257922.4
40	263221.2
63	263704.4
8022	263704.4
7	263679
80	263680
90	69466.9
9123	266869.3
20	266870.3
40	270902.7
62	271385.9
8023	271385.9
7	271368
80	271369
190	271385.9
94	34.2
9124	274484.2
20	274485.2
30	275018
94	34.2
9124	277933.4
20	277934.4
30	278201
94	34.2
9124	278234.3
20	278235.3
30	278500
94	34.2
9124	280532.8
20	280533.8
30	280850
94	34.2
9124	280916
20	280917
40	286282.4
61	287032.2
8024	287032.2
7	287018
80	287019
400	290313.8
100	290314.8
10	293330.7
12	293331.7
94	293331.7
9201	318373.8
20	318374.8
40	326956.1
63	327020.4
8025	327020.4
7	327012
80	327013
90	69466.9
9202	331553
20	331554
30	332521
94	293331.7
9202	336003
20	336004
40	344102.1
61	344768.6
8026	344768.6
7	344753
80	344754
90	69466.9
9203	349033.3
20	349034.3
30	352216
94	293331.7
9203	357314.7
20	357315.7
30	357915
94	293331.7
9203	358031.2
20	358032.2
30	359998
94	293331.7
9203	360497.2
20	360498.2
30	361064
94	293331.7
9203	365112.8
20	365113.8
40	371512.3
62	372262.1
8027	372262.1
7	372236
80	372237
91	69466.9
9204	377276.6
20	377277.6
40	386092.2
63	391790.9
8028	391790.9
7	391771
80	391772
30	394440
93	392207.4
94	293331.7
9205	401420.9
20	401421.9
30	403521
94	293331.7
9205	406819.6
20	406820.6
30	406953
94	293331.7
9205	412501.6
20	412502.6
40	419667.6
62	420234.1
8029	420234.1
7	420212
80	420213
90	392207.4
9206	425248.6
20	425249.6
40	433980.9
61	439512.9
8030	439512.9
7	439496
80	439497
90	440046.1
9207	446960.2
20	446961.2
40	451543.4
63	452193.3
8031	452193.3
7	452178
80	452179
90	440046.1
9208	456274.6
20	456275.6
30	462490
94	293331.7
9208	465789.1
20	465790.1
30	466889
94	293331.7
9208	467138.8
20	467139.8
40	471688.7
61	472488.5
8032	472488.5
7	472477
80	472478
90	440046.1
9209	477503
20	477504
30	498765
94	293331.7
9209	502763.7
20	502764.7
30	504047
94	293331.7
9209	513927.7
20	513928.7
30	514245
94	293331.7
9209	516043.9
20	516044.9
30	516661
94	293331.7
9209	521192.7
20	521193.7
30	521993
94	293331.7
9209	542754.2
20	542755.2
30	542988
94	293331.7
9209	544803.8
20	544804.8
30	545537
94	293331.7
9209	548003
20	548004
30	548987
94	293331.7
9209	551868.8
20	551869.8
30	552536
94	293331.7
9209	563782.6
20	563783.6
30	566433
94	293331.7
9209	569131.4
20	569132.4
30	570182
94	293331.7
9209	571880.7
20	571881.7
30	572148
94	293331.7
9209	573047
20	573048
30	574631
94	293331.7
9209	575296.6
20	575297.6
30	577030
94	293331.7
9209	579062.4
20	579063.4
30	579829
94	293331.7
9209	580643.5
20	580644.5
30	581246
94	293331.7
9209	593608.9
20	593609.9
30	593676
94	293331.7
9209	594275.4
20	594276.4
40	607223.4
62	608473.1
8033	608473.1
7	608455
80	608456
90	440046.1
9210	613487.6
20	613488.6
40	621503.3
62	622286.5
8034	622286.5
7	622265
80	622266
90	440046.1
9211	626751.1
20	626752.1
40	639732.4
63	640465.5
8035	640465.5
7	640453
80	640454
90	440046.1
9212	645480
20	645481
30	646564
94	293331.7
9212	650062.3
20	650063.3
30	651196
94	293331.7
9212	652511.7
20	652512.7
30	653295
94	293331.7
9212	657093.9
20	657094.9
40	666892.6
62	667609.1
8036	667609.1
7	667591
80	667592
91	440046.1
9213	672423.7
20	672424.7
40	680806
62	681922.4
8037	681922.4
7	681912
80	681913
90	440046.1
9214	686620.3
20	686621.3
30	687721
94	293331.7
9214	694935
20	694936
30	699951
94	293331.7
9214	707515.4
20	707516.4
40	713531.6
61	714264.8
8038	714264.8
7	714240
80	714241
90	440046.1
9215	719279.3
20	719280.3
30	742474
94	293331.7
9215	744223.4
20	744224.4
40	752472.5
63	753139
8039	753139
7	753126
80	753127
90	440046.1
9216	757903.5
20	757904.5
30	758104
94	293331.7
9216	758186.8
20	758187.8
40	765186.1
62	765786
8040	765786
7	765766
80	765767
90	770801.5
9217	771017.1
20	771018.1
40	778183.1
61	785731.3
8041	785731.3
7	785710
80	785711
30	788897
93	787214.3
94	293331.7
9218	802159.7
20	802160.7
30	802643
94	293331.7
9218	804774.6
20	804775.6
40	811275.2
63	812108.4
8042	812108.4
7	812094
80	812095
90	787214.3
9219	817122.9
20	817123.9
40	823972.2
61	830804
8043	830804
7	830791
80	830792
30	833220
93	831469.3
94	293331.7
9220	838234.6
20	838235.6
30	840435
94	293331.7
9220	841200.5
20	841201.5
30	842234
94	293331.7
9220	850281.7
20	850282.7
30	850699
94	293331.7
9220	851798
20	851799
40	857131.1
62	857879.2
8044	857879.2
7	857870
80	857871
90	831469.3
9221	862895.3
20	862896.3
30	863046
94	293331.7
9221	869775.6
20	869776.6
30	869776
94	293331.7
9221	869991.7
20	869992.7
30	873593
94	293331.7
9221	876758.8
20	876759.8
30	877726
94	293331.7
9221	881974.2
20	881975.2
30	882541
94	293331.7
9221	882560.5
20	882561.5
40	887407.3
61	888155.4
8045	888155.4
7	888147
80	888148
90	831469.3
9222	893171.6
20	893172.6
30	930413
94	293331.7
9222	930412.8
20	930413.8
30	930481
94	293331.7
9222	932678.9
20	932679.9
30	933296
94	293331.7
9222	933728.7
20	933729.7
30	935229
94	293331.7
9222	936428.1
20	936429.1
30	937312
94	293331.7
9222	937961
20	937962
30	939411
94	293331.7
9222	941360.2
20	941361.2
30	941644
94	293331.7
9222	941943.4
20	941944.4
40	949975.9
63	950557.4
8046	950557.4
7	950549
80	950550
90	831469.3
9223	955573.5
20	955574.5
40	962572.9
63	968754.8
8047	968754.8
7	968731
80	968732
91	969637.9
9224	974202.5
20	974203.5
40	978669.1
61	979452.2
8048	979452.2
7	979429
80	979430
91	984467.7
9225	986816.2
20	986817.2
40	993798.9
63	1001847
8049	1001847
307	1001847
7	1001822
80	1001823
91	1002096.9
9226	1004761.9
20	1004762.9
40	1024641.6
62	1025291.4
8050	1025291.4
308	1025291.4
7	1025275
80	1025276
90	1002096.9
9227	1030305.9
20	1030306.9
40	1039904.7
62	1046003.2
8051	1046003.2
308	1046003.2
7	1045989
80	1045990
91	1046286.5
9228	1049334.7
20	1049335.7
40	1055800.9
63	1056517.4
8052	1056517.4
309	1056517.4
7	1056504
80	1056505
90	1046286.5
9229	1060565.4
20	1060566.4
40	1068897.8
62	1069762.9
8053	1069762.9
309	1069762.9
7	1069754
80	1069755
90	1074779.8
9230	1074928.7
20	1074929.7
40	1084094.2
61	1090341.4
8054	1090341.4
309	1090341.4
7	1090333
80	1090334
91	1090676
9231	1093157.8
20	1093158.8
30	1100257
94	293331.7
9231	1100322.7
20	1100323.7
30	1100333
94	293331.7
9231	1100572.7
20	1100573.7
30	1100673
94	293331.7
9231	1100672.7
20	1100673.7
30	1100741
94	293331.7
9231	1100889.3
20	1100890.3
30	1100956
94	293331.7
9231	1100955.9
20	1100956.9
30	1100956
94	293331.7
9231	1101109.8
20	1101110.8
40	1104756
63	1109738.2
8055	1109738.2
310	1109738.2
7	1109726
80	1109727
91	1110138.1
9232	1111820
20	1111821
40	1123551.6
62	1124268.1
8056	1124268.1
311	1124268.1
7	1124245
80	1124246
90	1128883.7
9233	1130082.3
20	1130083.3
40	1137415
63	1138031.5
8057	1138031.5
311	1138031.5
7	1138019
80	1138020
91	1128883.7
9234	1142379.5
20	1142380.5
30	1142530
94	293331.7
9234	1142979.3
20	1142980.3
30	1146696
94	293331.7
9234	1149344.5
20	1149345.5
30	1176505
94	293331.7
9234	1176671.4
20	1176672.4
40	1193785
63	1194484.9
8058	1194484.9
312	1194484.9
7	1194462
80	1194463
90	1128883.7
9235	1199299.4
20	1199300.4
30	1202999
94	293331.7
9235	1212946.2
20	1212947.2
30	1213197
94	293331.7
9235	1213446.1
20	1213447.1
40	1218229.3
62	1219162.4
8059	1219162.4
312	1219162.4
7	1219150
80	1219151
190	1219162.4
94	293331.7
9236	1223893.6
20	1223894.6
40	1233059.1
63	1233775.6
8060	1233775.6
312	1233775.6
7	1233757
80	1233758
412	1238623.4
100	1238624.4
11	1241640.4
12	1241641.4
94	1241641.4
9301	1851079
20	1851080
40	1879156.7
30	1900035
94	1241641.4
9301	1900334.1
20	1900335.1
40	1913348.7
61	1914198.5
8061	1914198.5
8	1914177
80	1914178
91	1128883.7
9302	1919212.9
20	1919213.9
40	1944607.9
62	1945256.6
8062	1945256.6
8	1945247
80	1945248
90	1128883.7
9303	1948789.3
20	1948790.3
40	1965203.1
63	1965786.2
8063	1965786.2
8	1965768
80	1965769
90	1128883.7
9304	1969117.8
20	1969118.8
40	1982982.2
63	1983482.1
8064	1983482.1
8	1983462
80	1983463
90	1986781.3
9305	1987580.2
20	1987581.2
40	1994129.6
63	1994646.1
8065	1994646.1
8	1994635
80	1994636
90	1997695.4
9306	1997777.7
20	1997778.7
40	2008276.3
62	2008976.1
8066	2008976.1
8	2008950
80	2008951
90	1997695.4
9307	2012341
20	2012342
40	2019690.2
62	2020206.8
8067	2020206.8
8	2020191
80	2020192
90	1997695.4
9308	2023238.4
20	2023239.4
40	2029038
61	2029721.2
8068	2029721.2
8	2029707
80	2029708
90	2032987.1
9309	2033236
20	2033237
40	2039535.6
63	2040352
8069	2040352
8	2040330
80	2040331
90	2043168
9310	2043866.9
20	2043867.9
40	2050266.4
61	2050966.2
8070	2050966.2
8	2050953
80	2050954
90	2043168
9311	2054131.1
20	2054132.1
40	2062263.5
63	2062896.7
8071	2062896.7
8	2062879
80	2062880
90	2043168
9312	2065795
20	2065796
40	2071944.6
62	2072627.8
8072	2072627.8
8	2072616
80	2072617
90	2075643.7
9313	2076892.4
20	2076893.4
40	2083108.6
61	2083758.5
8073	2083758.5
8	2083741
80	2083742
90	2075643.7
9314	2087090
20	2087091
40	2094622.6
62	2095122.5
8074	2095122.5
8	2095104
80	2095105
90	2098188.4
9315	2098304
20	2098305
40	2104187
62	2104736.9
8075	2104736.9
8	2104713
80	2104714
90	2098188.4
9316	2107718.5
20	2107719.5
40	2114467.9
61	2115001.1
8076	2115001.1
8	2114989
80	2114990
90	2098188.4
9317	2118049.4
20	2118050.4
40	2128248
63	2128746.2
8077	2128746.2
8	2128738
80	2128739
90	2131347.2
9318	2131879.5
20	2131880.5
40	2138912
61	2139428.7
8078	2139428.7
8	2139413
80	2139414
90	2142228
9319	2145143
20	2145144
40	2151009.3
62	2151575.8
8079	2151575.8
8	2151549
80	2151550
91	2154158.5
9320	2155940.4
20	2155941.4
40	2160807
61	2161340.2
8080	2161340.2
8	2161325
80	2161326
90	2164322.8
9321	2164988.2
20	2164989.2
40	2170754.6
61	2171321.2
8081	2171321.2
8	2171304
80	2171305
90	2174220.5
9322	2174602.7
20	2174603.7
40	2182651.8
63	2183268.3
8082	2183268.3
32	2185434
94	1241641.4
9322	2187533
20	2187534
40	2194982.2
63	2195597.5
8083	2195597.5
8	2195591
80	2195592
90	2198264.8
9323	2198413.8
20	2198414.8
40	2204813.3
62	2205346.5
8084	2205346.5
8	2205332
80	2205333
90	2198264.8
9324	2207761.6
20	2207762.6
40	2215610.7
63	2216427.2
8085	2216427.2
8	2216415
80	2216416
90	2219009.9
9325	2219708.7
20	2219709.7
40	2224875.2
62	2225325.1
8086	2225325.1
302	2225325.1
8	2225302
80	2225303
90	2228107.8
94	1241641.4
9326	2229089.9
20	2229090.9
40	2237605.5
61	2238038.8
8087	2238038.8
302	2238038.8
8	2238018
80	2238019
402	2240620.5
100	2240621.5
11	2243637.4
13	2243638.4
94	2243638.4
9401	2274995.7
20	2274996.7
40	2281078.6
61	2281628.5
8088	2281628.5
8	2281605
80	2281606
90	2284027.9
9402	2284226.9
20	2284227.9
40	2289709.9
62	2290191.9
8089	2290191.9
8	2290183
80	2290184
90	2292825.8
9403	2293258.1
20	2293259.1
40	2298507.8
62	2299074.4
8090	2299074.4
8	2299063
80	2299064
90	2301523.8
9404	2301939.4
20	2301940.4
40	2306639.2
63	2307222.4
8091	2307222.4
8	2307210
80	2307211
90	2301523.8
9405	2309654.2
20	2309655.2
40	2314370.8
63	2314970.6
8092	2314970.6
8	2314957
80	2314958
90	2301523.8
9406	2317535.7
20	2317536.7
40	2322335.5
62	2322868.8
8093	2322868.8
8	2322850
80	2322851
90	2325268.2
9407	2325367.2
20	2325368.2
40	2329733.8
62	2330200.3
8094	2330200.3
8	2330178
80	2330179
90	2325268.2
9408	2332548.8
20	2332549.8
40	2336848.8
62	2337298.7
8095	2337298.7
8	2337288
80	2337289
90	2325268.2
9409	2339563.8
20	2339564.8
40	2344380.3
61	2344863.6
8096	2344863.6
8	2344846
80	2344847
90	2325268.2
9410	2346995.4
20	2346996.4
40	2352545.1
63	2352945
8097	2352945
8	2352932
80	2352933
90	2355111.2
9411	2355610
20	2355611
40	2360010
62	2360509.9
8098	2360509.9
8	2360484
80	2360485
90	2355111.2
9412	2362708.3
20	2362709.3
40	2367091.7
62	2367541.6
8099	2367541.6
8	2367530
80	2367531
90	2355111.2
9413	2369490.1
20	2369491.1
40	2373656.8
63	2374090
8100	2374090
8	2374068
80	2374069
90	2355111.2
9414	2376238.5
20	2376239.5
40	2381205
63	2381654.9
8101	2381654.9
8	2381641
80	2381642
90	2355111.2
9415	2384036.7
20	2384037.7
40	2388686.5
61	2389219.8
8102	2389219.8
8	2389202
80	2389203
90	2355111.2
9416	2391668.2
20	2391669.2
40	2396418.1
61	2397051.3
8103	2397051.3
8	2397037
80	2397038
90	2355111.2
9417	2399166.4
20	2399167.4
40	2403583.1
61	2404016.3
8104	2404016.3
8	2403997
80	2403998
90	2355111.2
9418	2406481.4
20	2406482.4
40	2412297.7
61	2412814.2
8105	2412814.2
8	2412791
80	2412792
90	2355111.2
9419	2414929.4
20	2414930.4
40	2420262.5
63	2420729
8106	2420729
8	2420710
80	2420711
90	2355111.2
9420	2423010.8
20	2423011.8
40	2427294.1
63	2427794
8107	2427794
8	2427780
80	2427781
90	2355111.2
9421	2430109.1
20	2430110.1
40	2434775.7
61	2435225.6
8108	2435225.6
8	2435204
80	2435205
90	2355111.2
9422	2437474.1
20	2437475.1
40	2442307.3
62	2442757.2
8109	2442757.2
8	2442741
80	2442742
90	2355111.2
9423	2444972.3
20	2444973.3
40	2449805.5
61	2450238.7
8110	2450238.7
8	2450215
80	2450216
190	2450238.7
94	2243638.4
9424	2452503.9
20	2452504.9
70	2456237.3
40	2456270.6
63	2456703.9
8111	2456703.9
8	2456688
80	2456689
400	2458885.7
101	2458886.7