
000	0
141223	6
102301	6
593	6
500	1
202	2
10000	3
16000	4
10	33.2
13	34.2
94	34.2
9101	308726.1
20	308727.1
40	312844.7
30	336072
94	34.2
9101	338021.2
20	338022.2
40	343154.4
63	348519.8
8001	348519.8
7	348475
80	348476
90	3.63258074173788e-283
9102	353534.3
20	353535.3
30	355018
94	34.2
9102	355683.8
20	355684.8
40	376080.1
63	376580
8002	376580
7	376569
80	376570
90	3.63258074173788e-283
9103	379795
20	379796
40	384261.6
62	384861.5
8003	384861.5
7	384836
80	384837
90	3.63258074173788e-283
9104	388190.5
20	388191.5
40	398508.3
61	399124.8
8004	399124.8
7	399111
80	399112
90	3.63258074173788e-283
9105	402071.3
20	402072.3
40	407056.3
62	407672.9
8005	407672.9
7	407658
80	407659
90	3.63258074173788e-283
9106	410587.9
20	410588.9
40	415021.2
63	415569.2
8006	415569.2
7	415561
80	415562
90	3.63258074173788e-283
9107	418663
20	418664
40	424485.7
61	425168.8
8007	425168.8
7	425156
80	425157
90	3.63258074173788e-283
9108	428017.2
20	428018.2
40	443131.4
61	443747.9
8008	443747.9
7	443726
80	443727
90	3.63258074173788e-283
9109	446596.2
20	446597.2
40	451679.4
62	452162.6
8009	452162.6
7	452150
80	452151
90	3.63258074173788e-283
9110	454643.3
20	454644.3
40	458927.7
63	459760.9
8010	459760.9
7	459743
80	459744
90	3.63258074173788e-283
9111	463325.7
20	463326.7
40	467692.4
63	468458.9
8011	468458.9
7	468441
80	468442
90	3.63258074173788e-283
9112	471818.9
20	471819.9
40	476757
62	477373.5
8012	477373.5
7	477351
80	477352
90	3.63258074173788e-283
9113	480449
20	480450
40	484488.5
62	485070.4
8013	485070.4
7	485063
80	485064
90	3.63258074173788e-283
9114	488036.7
20	488037.7
40	492820
63	493453.1
8014	493453.1
7	493431
80	493432
90	3.63258074173788e-283
9115	496329.9
20	496330.9
40	500818.1
61	501468
8015	501468
7	501456
80	501457
90	3.63258074173788e-283
9116	504599.6
20	504600.6
40	508982.9
61	509599.4
8016	509599.4
7	509581
80	509582
90	3.63258074173788e-283
9117	512564.4
20	512565.4
40	518197.4
61	518664
8017	518664
7	518651
80	518652
90	3.63258074173788e-283
9118	522078.9
20	522079.9
40	526062.3
62	526645.5
8018	526645.5
7	526622
80	526623
90	3.63258074173788e-283
9119	529677.1
20	529678.1
40	534210.4
63	534843.6
8019	534843.6
7	534831
80	534832
90	3.63258074173788e-283
9120	537703.1
20	537704.1
40	543191.7
61	543558.3
8020	543558.3
7	543543
80	543544
90	3.63258074173788e-283
9121	546539.9
20	546540.9
40	550906.6
63	551473.1
8021	551473.1
7	551449
80	551450
90	3.63258074173788e-283
9122	554721.4
20	554722.4
40	559438
62	559954.5
8022	559954.5
7	559939
80	559940
90	3.63258074173788e-283
9123	562952.8
20	562953.8
40	566869.6
61	567452.8
8023	567452.8
7	567429
80	567430
190	567452.8
94	34.2
9124	570617.7
20	570618.7
40	574567.8
62	575265.5
8024	575265.5
7	575256
80	575257
400	578565.9
100	578566.9
10	581582.9
12	581583.9
94	581583.9
9201	627271.4
20	627272.4
40	632421.2
62	632987.7
8025	632987.7
7	632963
80	632964
90	3.63258074173788e-283
9202	637319
20	637320
40	644735
63	645401.5
8026	645401.5
7	645380
80	645381
90	648800.6
9203	649416.3
20	649417.3
40	656299
61	656948.9
8027	656948.9
7	656925
80	656926
90	648800.6
9204	661963.3
20	661964.3
40	681326.6
62	681959.8
8028	681959.8
7	681935
80	681936
90	648800.6
9205	686274.5
20	686275.5
40	693040.6
63	693621.5
8029	693621.5
7	693613
80	693614
90	648800.6
9206	697155.3
20	697156.3
40	703371.5
63	703938.1
8030	703938.1
7	703926
80	703927
90	648800.6
9207	707253
20	707254
40	713985.7
62	714602.3
8031	714602.3
7	714585
80	714586
90	648800.6
9208	718383.7
20	718384.7
40	725649.7
63	726316.2
8032	726316.2
7	726302
80	726303
90	648800.6
9209	729446.6
20	729447.6
40	736430.5
62	737113.8
8033	737113.8
7	737100
80	737101
90	648800.6
9210	740695.3
20	740696.3
40	747328.1
62	747961.3
8034	747961.3
7	747950
80	747951
90	648800.6
9211	751476.1
20	751477.1
40	758158.9
61	758692.1
8035	758692.1
7	758667
80	758668
90	648800.6
9212	762506.9
20	762507.9
30	762574
94	581583.9
9212	762722.3
20	762723.3
40	770422.7
61	771006
8036	771006
7	770984
80	770985
90	648800.6
9213	774737.4
20	774738.4
40	781720.2
61	782353.3
8037	782353.3
7	782333
80	782334
90	648800.6
9214	785984.8
20	785985.8
40	793134.2
63	793884
8038	793884
7	793860
80	793861
90	648800.6
9215	797214.4
20	797215.4
40	804364.9
62	805031.5
8039	805031.5
7	805013
80	805014
90	808347.4
9216	808413
20	808414
40	816578.8
61	817028.7
8040	817028.7
7	817007
80	817008
90	820144.7
9217	820210.3
20	820211.3
40	828309.4
63	828692.7
8041	828692.7
7	828677
80	828678
90	831558.7
9218	831857.6
20	831858.6
40	839406.9
61	840006.8
8042	840006.8
7	839993
80	839994
90	843922.5
9219	845137.9
20	845138.9
40	852637.2
63	853101.6
8043	853101.6
7	853093
80	853094
90	856319.6
9220	858118.3
20	858119.3
40	863967.9
61	864534.4
8044	864534.4
7	864521
80	864522
90	868067
9221	869765.6
20	869766.6
40	874865.4
61	875531.9
8045	875531.9
7	875522
80	875523
90	879097.8
9222	879829.9
20	879830.9
40	886196.1
62	886796
8046	886796
7	886781
80	886782
90	890561.8
9223	890794.1
20	890795.1
40	907657.9
62	908324.4
8047	908324.4
7	908309
80	908310
190	908324.4
94	581583.9
9224	911655.9
20	911656.9
40	919071.9
63	919688.4
8048	919688.4
7	919675
80	919676
400	923070
100	923071
11	926087
12	926088
94	926088
9301	1369250.7
20	1369251.7
40	1376983.3
62	1377513.8
8049	1377513.8
8	1377505
80	1377506
90	1381782.2
9302	1382414.4
20	1382415.4
40	1403193.9
61	1403927.1
8050	1403927.1
8	1403911
80	1403912
30	1408076
93	1407976.1
94	926088
9303	1408308.3
20	1408309.3
40	1416574.1
61	1417224
8051	1417224
8	1417208
80	1417209
90	1407976.1
9304	1421222.1
20	1421223.1
40	1453449
63	1453915.6
8052	1453915.6
8	1453901
80	1453902
90	1407976.1
9305	1457397.1
20	1457398.1
30	1457413
94	926088
9305	1457612.7
20	1457613.7
40	1465029.7
62	1465529.6
8053	1465529.6
8	1465505
80	1465506
90	1465529.6
9306	1469182.9
20	1469183.9
40	1476443.7
62	1476943.6
8054	1476943.6
8	1476930
80	1476931
90	1465529.6
9307	1480425.1
20	1480426.1
40	1487257.9
61	1487707.8
8055	1487707.8
8	1487690
80	1487691
91	1491456.9
9308	1491839.2
20	1491840.2
40	1498672
62	1499238.5
8056	1499238.5
8	1499216
80	1499217
90	1491456.9
9309	1502203.5
20	1502204.5
40	1508669.7
61	1509186.2
8057	1509186.2
8	1509169
80	1509170
90	1491456.9
9310	1512584.4
20	1512585.4
40	1519817.1
63	1520433.6
8058	1520433.6
8	1520409
80	1520410
90	1491456.9
9311	1523765.2
20	1523766.2
40	1530198
62	1530764.6
8059	1530764.6
8	1530747
80	1530748
90	1491456.9
9312	1534062.8
20	1534063.8
40	1540579
61	1541078.9
8060	1541078.9
8	1541065
80	1541066
90	1491456.9
9313	1544060.5
20	1544061.5
30	1544144
94	926088
9313	1544343.8
20	1544344.8
40	1553559.3
63	1554175.8
8061	1554175.8
8	1554155
80	1554156
90	1491456.9
9314	1558590.5
20	1558591.5
40	1565573.2
63	1566039.8
8062	1566039.8
8	1566029
80	1566030
90	1491456.9
9315	1569471.3
20	1569472.3
40	1576987.3
62	1577487.2
8063	1577487.2
8	1577466
80	1577467
90	1491456.9
9316	1580535.5
20	1580536.5
40	1587718.1
63	1588148.7
8064	1588148.7
8	1588141
80	1588142
90	1491456.9
9317	1591133
20	1591134
40	1598065.8
63	1598615.6
8065	1598615.6
8	1598605
80	1598606
90	1491456.9
9318	1601564
20	1601565
40	1609213.2
61	1609746.4
8066	1609746.4
8	1609730
80	1609731
90	1491456.9
9319	1613011.3
20	1613012.3
40	1622476.8
61	1622926.7
8067	1622926.7
8	1622912
80	1622913
90	1491456.9
9320	1626008.3
20	1626009.3
40	1633707.6
63	1634240.8
8068	1634240.8
8	1634228
80	1634229
90	1637140.1
9321	1638955.4
20	1638956.4
40	1644555.1
62	1645021.6
8069	1645021.6
8	1645000
80	1645001
90	1648270.9
9322	1651502.5
20	1651503.5
40	1658235.3
63	1658868.5
8070	1658868.5
8	1658856
80	1658857
90	1648270.9
9323	1661600.2
20	1661601.2
40	1667833.1
62	1668399.6
8071	1668399.6
8	1668379
80	1668380
90	1648270.9
9324	1671397.9
20	1671398.9
40	1679147.1
61	1679630.3
8072	1679630.3
8	1679607
80	1679608
90	1648270.9
9325	1682745.3
20	1682746.3
40	1690661.1
61	1691144.4
8073	1691144.4
302	1691144.4
8	1691127
80	1691128
90	1694327
94	926088
9326	1694642.6
20	1694643.6
40	1701608.6
62	1701991.9
8074	1701991.9
302	1701991.9
8	1701977
80	1701978
402	1705023.5
100	1705024.5
11	1708040.5
13	1708041.5
94	1708041.5
9401	1726701.9
20	1726702.9
40	1730068.8
63	1730518.7
8075	1730518.7
8	1730499
80	1730500
90	1648270.9
9402	1733300.3
20	1733301.3
40	1746348.3
63	1746746.1
8076	1746746.1
8	1746740
80	1746741
90	1749181
9403	1749446.6
20	1749447.6
40	1755929.5
61	1756262.7
8077	1756262.7
8	1756248
80	1756249
90	1749181
9404	1758944.4
20	1758945.4
40	1769043.1
63	1769559.6
8078	1769559.6
8	1769539
80	1769540
90	1749181
9405	1772241.4
20	1772242.4
40	1778441
61	1778874.2
8079	1778874.2
8	1778858
80	1778859
90	1749181
9406	1781489.3
20	1781490.3
40	1786589.1
62	1786972.3
8080	1786972.3
8	1786957
80	1786958
90	1789371.8
9407	1789970.6
20	1789971.6
40	1794037.4
63	1794670.6
8081	1794670.6
8	1794656
80	1794657
90	1789371.8
9408	1796952.4
20	1796953.4
40	1801702.3
62	1802118.8
8082	1802118.8
8	1802095
80	1802096
90	1789371.8
9409	1804667.3
20	1804668.3
40	1809133.9
61	1809617.1
8083	1809617.1
8	1809599
80	1809600
90	1812132.1
9410	1812915.4
20	1812916.4
40	1816682.2
63	1817082.1
8084	1817082.1
8	1817070
80	1817071
90	1812132.1
9411	1819597.2
20	1819598.2
40	1823797.2
61	1824163.8
8085	1824163.8
8	1824144
80	1824145
90	1812132.1
9412	1826828.8
20	1826829.8
40	1831078.9
62	1831445.4
8086	1831445.4
8	1831433
80	1831434
90	1812132.1
9413	1834143.8
20	1834144.8
40	1837710.7
62	1838042.9
8087	1838042.9
8	1838036
80	1838037
90	1812132.1
9414	1840409
20	1840410
40	1844442.5
63	1844825.7
8088	1844825.7
8	1844800
80	1844801
90	1812132.1
9415	1847207.5
20	1847208.5
40	1851274.2
62	1851724.1
8089	1851724.1
8	1851707
80	1851708
90	1812132.1
9416	1854005.9
20	1854006.9
40	1858639.2
61	1858989.1
8090	1858989.1
8	1858970
80	1858971
90	1861471.9
9417	1861854.1
20	1861855.1
40	1865421
61	1865820.9
8091	1865820.9
8	1865811
80	1865812
90	1861471.9
9418	1868102.7
20	1868103.7
40	1874102.3
61	1874418.9
8092	1874418.9
8	1874404
80	1874405
90	1861471.9
9419	1877000.6
20	1877001.6
70	1880267.5
40	1880434.2
62	1880800.8
8093	1880800.8
8	1880788
80	1880789
90	1861471.9
9420	1883265.9
20	1883266.9
40	1888065.8
63	1888382.4
8094	1888382.4
8	1888363
80	1888364
90	1861471.9
9421	1890880.8
20	1890881.8
40	1896197.2
63	1896547.1
8095	1896547.1
8	1896530
80	1896531
90	1861471.9
9422	1898912.3
20	1898913.3
40	1903312.3
62	1903862.1
8096	1903862.1
8	1903845
80	1903846
90	1861471.9
9423	1906227.3
20	1906228.3
40	1916342.6
61	1916859.1
8097	1916859.1
8	1916834
80	1916835
190	1916859.1
94	1708041.5
9424	1919524.2
20	1919525.2
40	1923940.8
62	1924340.8
8098	1924340.8
8	1924319
80	1924320
400	1927189.1
101	1927190.1