
000	0
130723	0.4
101522	0.5
859	0.5
501	1
205	2
10000	3
17000	4
11	33.2
13	34.2
9101	91661.5
20	91662.5
40	97444.5
61	98760.9
8001	98760.9
6	98737
80	98738
9102	103692.1
20	103693.1
40	122372.2
62	123638.6
8002	123638.6
6	123621
80	123622
9103	126870.2
20	126871.2
40	131836.7
62	132486.6
8003	132486.6
6	132463
80	132464
9104	135634.9
20	135635.9
40	140684.7
62	141217.9
8004	141217.9
6	141195
80	141196
9105	144549.5
20	144550.5
40	149166.1
61	149732.7
8005	149732.7
6	149708
80	149709
9106	153080.9
20	153081.9
40	159080.5
62	159613.7
8006	159613.7
6	159602
80	159603
9107	162528.8
20	162529.8
40	173743.9
62	174293.8
8007	174293.8
6	174273
80	174274
9108	177042.1
20	177043.1
40	183058.4
61	183590.6
8008	183590.6
6	183583
80	183584
9109	186390
20	186391
40	191856.5
63	192473
8009	192473
6	192458
80	192459
9110	195171.4
20	195172.4
40	201387.6
61	202004.2
8010	202004.2
6	201992
80	201993
9111	204802.5
20	204803.5
40	217700.6
61	218300.5
8011	218300.5
6	218288
80	218289
9112	221215.5
20	221216.5
70	224982.3
40	225315.5
61	225715.5
8012	225715.5
6	225698
80	225699
9113	228280.5
20	228281.5
70	232214
40	232730.5
63	233147.1
8013	233147.1
6	233129
80	233130
9114	236028.8
20	236029.8
40	240378.8
61	240862
8014	240862
6	240841
80	240842
9115	243877
20	243878
40	248127
63	248643.6
8015	248643.6
6	248632
80	248633
9116	251558.6
20	251559.6
40	255758.6
62	256375.2
8016	256375.2
6	256363
80	256364
9117	259956.7
20	259957.7
40	264939.9
63	265439.8
8017	265439.8
6	265418
80	265419
9118	268538.1
20	268539.1
40	273054.7
63	273569
8018	273569
6	273563
80	273564
9119	276886.2
20	276887.2
40	280719.7
63	281252.9
8019	281252.9
6	281242
80	281243
9120	284901
20	284902
40	288834.5
63	289534.3
8020	289534.3
6	289515
80	289516
9121	292815.9
20	292816.9
40	297582.5
63	298282.3
8021	298282.3
6	298263
80	298264
9122	301430.6
20	301431.6
40	306097.2
62	306680.4
8022	306680.4
6	306656
80	306657
9123	310028.7
20	310029.7
40	313912.1
62	314645.3
8023	314645.3
6	314630
80	314631
9124	317976.9
20	317977.9
40	323210
61	323726.6
8024	323726.6
6	323705
80	323706
100	326942.5
11	329958.5
12	329959.5
9201	413238.6
20	413239.6
40	422537.5
63	423420.6
8025	423420.6
6	423403
80	423404
9202	427202.1
20	427203.1
30	449081
9202	460911.1
20	460912.1
30	461362
9202	466959.8
20	466960.8
30	467427
9202	468376.1
20	468377.1
30	468460
9202	470508.9
20	470509.9
30	476541
9202	499785.7
20	499786.7
40	513600.2
61	514733.3
8026	514733.3
6	514717
80	514718
9203	519981.1
20	519982.1
40	533812.3
61	534595.4
8027	534595.4
6	534578
80	534579
9204	539560
20	539561
40	546842.7
62	547842.4
8028	547842.4
6	547819
80	547820
9205	551290.7
20	551291.7
40	559473.1
63	560223
8029	560223
6	560198
80	560199
9206	564154.4
20	564155.4
40	570620.6
62	571437.1
8030	571437.1
6	571413
80	571414
9207	575385.2
20	575386.2
40	581718.1
61	582333.2
8031	582333.2
6	582325
80	582326
9208	586232.7
20	586233.7
40	595198.4
61	595781.6
8032	595781.6
6	595760
80	595761
9209	600946.1
20	600947.1
40	610944.8
63	611827.9
8033	611827.9
6	611812
80	611813
9210	616759.2
20	616760.2
40	626424.6
61	627257.8
8034	627257.8
6	627234
80	627235
9211	631972.4
20	631973.4
40	640404.8
63	641038
8035	641038
6	641024
80	641025
9212	645336
20	645337
40	650985.7
62	651685.6
8036	651685.6
6	651671
80	651672
9213	656350.2
20	656351.2
40	662649.8
63	663532.9
8037	663532.9
6	663511
80	663512
9214	668364.1
20	668365.1
40	674230.5
62	675363.5
8038	675363.5
6	675341
80	675342
9215	679211.7
20	679212.7
40	686261.1
62	686877.6
8039	686877.6
6	686857
80	686858
9216	691325.6
20	691326.6
40	699574.7
61	700174.6
8040	700174.6
6	700159
80	700160
9217	704406
20	704407
40	712638.4
61	713888.1
8041	713888.1
6	713874
80	713875
9218	717802.9
20	717803.9
40	725585.5
62	726335.3
8042	726335.3
6	726316
80	726317
9219	730466.7
20	730467.7
40	736266.4
63	737699.4
8043	737699.4
6	737684
80	737685
9220	741980.8
20	741981.8
30	742015
9220	742147.4
20	742148.4
30	742179
9220	742258.3
20	742259.3
40	748247
63	749696.7
8044	749696.7
6	749684
80	749685
9221	754511.3
20	754512.3
40	763193.6
61	764643.3
8045	764643.3
6	764622
80	764623
9222	768641.4
20	768642.4
40	776357.3
62	777023.8
8046	777023.8
6	777002
80	777003
9223	780788.7
20	780789.7
40	786471.7
62	787203
8047	787203
6	787196
80	787197
9224	790753.1
20	790754.1
40	797269.3
63	797985.8
8048	797985.8
6	797974
80	797975
100	801268.3
10	804284.3
13	804285.3
9301	1541233.1
20	1541234.1
30	1548582
9301	1548964.7
20	1548965.7
30	1552131
9301	1553763.6
20	1553764.6
30	1553798
9301	1553849
20	1553850
40	1554131.2
63	1555414.3
8049	1555414.3
5	1555398
80	1555399
9302	1560378.8
20	1560379.8
30	1562679
9302	1563161.5
20	1563162.5
30	1563729
9302	1564194.6
20	1564195.6
30	1565228
9302	1565511
20	1565512
30	1565995
9302	1566294.1
20	1566295.1
30	1566745
9302	1567010.6
20	1567011.6
30	1568961
9302	1573459.2
20	1573460.2
30	1573493
9302	1573575.8
20	1573576.8
30	1576342
9302	1587772.6
20	1587773.6
30	1587890
9302	1588022.5
20	1588023.5
30	1588790
9302	1589272.3
20	1589273.3
30	1591289
9302	1732639.8
20	1732640.8
30	1732874
9302	1733239.7
20	1733240.7
30	1733267
9302	1733347.2
20	1733348.2
30	1737739
9302	2050251.2
20	2050252.2
30	2076646
9302	2077428.4
20	2077429.4
40	2100690.8
30	2101673
9302	2102672.6
20	2102673.6
40	2105623
61	2106306.2
8050	2106306.2
5	2106288
80	2106289
9303	2112320.5
20	2112321.5
30	2116270
9303	2120485.3
20	2120486.3
40	2135566.2
63	2147446.8
8051	2147446.8
5	2147422
80	2147423
9304	2148062.4
20	2148063.4
70	2154411.9
40	2154478.6
61	2155395
8052	2155395
5	2155384
80	2155385
9305	2161409.3
20	2161410.3
30	2166325
9305	2166724.8
20	2166725.8
30	2166754
9305	2166908
20	2166909
30	2167042
9305	2169940.7
20	2169941.7
30	2170591
9305	2170873.9
20	2170874.9
30	2171124
9305	2171657
20	2171658
40	2177906.6
62	2178839.7
8053	2178839.7
5	2178820
80	2178821
9306	2184854
20	2184855
30	2211065
9306	2243874
20	2243875
30	2245174
9306	2250005.9
20	2250006.9
40	2278167.2
63	2279366.9
8054	2279366.9
5	2279341
80	2279342
9307	2285381.2
20	2285382.2
30	2289281
9307	2290013.5
20	2290014.5
