
000	0
130104	16
131728	16
421	16
501	1
203	2
10003	3
11	66.6
12	67.6
9101	615.4
20	616.4
40	2016.1
61	9080.9
8001	9080.9
6	9068
80	9069
9102	15095
20	15096
40	22044.2
63	24843.4
8002	24843.4
6	24822
80	24823
9103	30857.5
20	30858.5
40	42288.9

000	0
130104	0.2
131909	0.2
296	0.2
501	1
203	2
10003	3
11	49.9
12	50.9
9101	432.1
20	433.1
40	583.1

000	0
130104	0.2
131930	0.2
640	0.2
501	1
203	2
10003	3
11	49.9
12	50.9
9101	36456.1
20	36457.1
30	38939
9101	42704.4
20	42705.4
40	44071.7
61	45371.4
8001	45371.4
6	45351
80	45352
9102	48386.3
20	48387.3
30	49087
9102	59050.2
20	59051.2
40	65732.8
63	66199.3
8002	66199.3
6	66187
80	66188
9103	67931.2
20	67932.2
40	75113.6
63	75663.5
8003	75663.5
6	75655
80	75656
9104	77745.3
20	77746.3
40	84644.5
63	85344.3
8004	85344.3
6	85324
80	85325
9105	86842.9
20	86843.9
40	93442.2
62	93925.4
8005	93925.4
6	93909
80	93910
9106	95740.6
20	95741.6
40	102889.7
61	103372.9
8006	103372.9
6	103356
80	103357
9107	105937.9
20	105938.9
40	111337.5
61	111770.7
8007	111770.7
6	111762
80	111763
9108	114685.6
20	114686.6
40	120785
62	121518.2
8008	121518.2
6	121499
80	121500
9109	124249.8
20	124250.8
40	134264.8
62	134698.1
8009	134698.1
6	134680
80	134681
9110	137146.4
20	137147.4
40	143712.4
62	144112.3
8010	144112.3
6	144088
80	144089
9111	146044.1
20	146045.1
40	152410.1
62	152808.6
8011	152808.6
6	152802
80	152803
9112	154975.1
20	154976.1
40	161991
61	162440.8
8012	162440.8
6	162431
80	162432
9113	164655.9
20	164656.9
30	164674
9113	164756.9
20	164757.9
30	164890
9113	164913.9
20	164914.9
30	165106
9113	170254.5
20	170255.5
30	170305
9113	170355.8
20	170356.8
30	170455
9113	170904.3
20	170905.3
40	176987
63	177403.6
8013	177403.6
6	177379
80	177380
9114	179452.1
20	179453.1
30	179484
9114	179522.6
20	179523.6
40	185934.7
61	186334.6
8014	186334.6
6	186313
80	186314
9115	188733
20	188734
40	195248.9
62	195748.8
8015	195748.8
6	195732
80	195733
9116	198230.5
20	198231.5
40	204446.5
63	205013.1
8016	205013.1
6	204993
80	204994
9117	206828.3
20	206829.3
40	214260.6
61	214860.5
8017	214860.5
6	214839
80	214840
9118	217008.9
20	217009.9
40	223524.9
63	224041.4
8018	224041.4
6	224017
80	224018
9119	225473.4
20	225474.4
40	232522.5
61	233039.1
8019	233039.1
6	233017
80	233018
9120	235337.5
20	235338.5
40	241770.1
63	242336.6
8020	242336.6
6	242318
80	242319
9121	244017.3
20	244018.3
40	252384
61	252983.9
8021	252983.9
6	252960
80	252961
9122	255015.7
20	255016.7
40	260815.2
62	261315
8022	261315
6	261297
80	261298
9123	263096.9
20	263097.9
40	269762.8
63	270296
8023	270296
6	270277
80	270278
9124	271761.3
20	271762.3
30	271762
9124	271829
20	271830
40	278627.2
62	279058.9
8024	279058.9
6	279051
80	279052
100	281043.2
11	284059.1
13	284060.1
9201	325697.2
20	325698.2
40	330280.4
62	330663.6
8025	330663.6
6	330641
80	330642
9202	331795.6
20	331796.6
40	336312.1
61	336678.7
8026	336678.7
6	336663
80	336664
9203	337877.4
20	337878.4
40	344060.1
61	344410
8027	344410
6	344401
80	344402
9204	345608.7
20	345609.7
40	350791.7
62	351091.6
8028	351091.6
6	351069
80	351070
9205	352306.9
20	352307.9
40	356790.1
63	357190
8029	357190
6	357165
80	357166
9206	358588.6
20	358589.6
40	365021.3
62	365371.2
8030	365371.2
6	365360
80	365361
9207	366619.9
20	366620.9
40	371519.6
63	371886.2
8031	371886.2
6	371873
80	371874
9208	373001.5
20	373002.5
40	378201.2
61	378534.4
8032	378534.4
6	378523
80	378524
9209	379833.1
20	379834.1
40	384466.2
62	384816.1
8033	384816.1
6	384805
80	384806
9210	386081.5
20	386082.5
40	391114.5
63	391464.4
8034	391464.4
6	391442
80	391443
9211	392729.7
20	392730.7
40	397329.5
62	397696.1
8035	397696.1
6	397673
80	397674
9212	399028.1
20	399029.1
40	402744.8
63	403244.6
8036	403244.6
6	403225
80	403226
9213	404410
20	404411
40	409193.1
61	409609.7
8037	409609.7
6	409593
80	409594
9214	410908.3
20	410909.3
40	415324.8
63	415741.4
8038	415741.4
6	415718
80	415719
9215	416873.4
20	416874.4
40	422089.7
62	422539.6
8039	422539.6
6	422525
80	422526
9216	423821.6
20	423822.6
40	427854.9
62	428187
8040	428187
6	428181
80	428182
9217	429503.5
20	429504.5
40	434286.5
61	434636.5
8041	434636.5
6	434617
80	434618
9218	436068.4
20	436069.4
40	440301.6
61	440634.9
8042	440634.9
6	440620
80	440621
9219	441933.5
20	441934.5
40	445950.2
63	446366.7
8043	446366.7
6	446348
80	446349
9220	447582.1
20	447583.1
40	452548.4
63	452881.7
8044	452881.7
6	452864
80	452865
9221	454047.1
20	454048.1
40	458396.9
61	458763.5
8045	458763.5
6	458752
80	458753
9222	460128.8
20	460129.8
40	464911.9
61	465293.8
8046	465293.8
6	465288
80	465289
9223	466843.7
20	466844.7
40	471643.5
62	472026.7
8047	472026.7
6	472010
80	472011
9224	473308.7
20	473309.7
40	477308.7
63	477741.9
8048	477741.9
6	477733
80	477734
100	478991.5
10	482007.4
13	482008.4
9301	1088365
20	1088366
40	1093048.1
61	1093496
8049	1093496
5	1093488
80	1093489
9302	1095329.8
20	1095330.8
40	1099796.3
63	1100246.2
8050	1100246.2
5	1100221
80	1100222
9303	1101661.5
20	1101662.5
40	1108210.8
61	1108644
8051	1108644
5	1108623
80	1108624
9304	1110209.3
20	1110210.3
40	1114542.5
63	1114975.7
8052	1114975.7
5	1114960
80	1114961
9305	1116324.4
20	1116325.4
40	1120857.5
62	1121190.8
8053	1121190.8
5	1121172
80	1121173
9306	1122522.8
20	1122523.8
40	1126472.7
61	1126822.6
8054	1126822.6
32	1127855
9306	1128171.3
20	1128172.3
30	1130705
9306	1130704
20	1130705
30	1130772
9306	1136052.6
20	1136053.6
40	1141868.7
61	1142418.6
8055	1142418.6
5	1142396
80	1142397
9307	1143733.9
20	1143734.9
40	1147583.9
63	1148050.4
8056	1148050.4
5	1148032
80	1148033
9308	1149249.1
20	1149250.1
40	1153482.4
61	1153798.9
8057	1153798.9
5	1153788
80	1153789
9309	1155097.6
20	1155098.6
40	1159564.1
62	1159847.4
8058	1159847.4
5	1159836
80	1159837
9310	1161346
20	1161347
40	1165879.1
61	1166212.4
8059	1166212.4
5	1166197
80	1166198
9311	1167427.7
20	1167428.7
30	1167443
9311	1167495.4
20	1167496.4
40	1172110.8
62	1172460.7
8060	1172460.7
5	1172443
80	1172444
9312	1173709.4
20	1173710.4
30	1177209
9312	1184390
20	1184391
40	1191522.4
62	1192005.7
8061	1192005.7
32	1192322
9312	1192921.1
20	1192922.1
40	1198054.1
62	1198470.6
8062	1198470.6
5	1198450
80	1198451
9313	1199619.3
20	1199620.3
40	1206435.2
62	1206835.1
8063	1206835.1
5	1206816
80	1206817
9314	1208100.5
20	1208101.5
30	1208318
9314	1211582.9
20	1211583.9
30	1211588
9314	1211677.2
20	1211678.2
30	1212217
9314	1212715.9
20	1212716.9
30	1212766
9314	1212801.2
20	1212802.2
40	1218598.7
63	1219065.3
8064	1219065.3
5	1219046
80	1219047
9315	1220114
20	1220115
40	1224080.6
61	1224513.8
8065	1224513.8
5	1224500
80	1224501
9316	1225779.2
20	1225780.2
40	1231778.6
63	1232145.2
8066	1232145.2
5	1232127
80	1232128
9317	1233393.9
20	1233394.9
40	1237560.4
61	1237960.3
8067	1237960.3
5	1237943
80	1237944
9318	1239242.3
20	1239243.3
40	1243692.2
61	1244075.4
8068	1244075.4
5	1244060
80	1244061
9319	1245357.4
20	1245358.4
40	1250440.4
63	1250807
8069	1250807
5	1250792
80	1250793
9320	1251972.4
20	1251973.4
40	1256288.9
62	1256755.4
8070	1256755.4
5	1256734
80	1256735
9321	1257954.1
20	1257955.1
40	1262720.6
63	1263153.8
8071	1263153.8
5	1263133
80	1263134
9322	1264352.5
20	1264353.5
40	1269052.2
62	1269502.1
8072	1269502.1
5	1269477
80	1269478
9323	1270750.8
20	1270751.8
40	1274817.4
62	1275217.3
8073	1275217.3
5	1275207
80	1275208
9324	1276599.2
20	1276600.2
40	1281165.8
63	1281532.3
8074	1281532.3
5	1281516
80	1281517
100	1282698.7
10	1285714.6
12	1285715.6
9401	1312556.5
20	1312557.5
40	1317073.1
62	1317672.9
8075	1317672.9
5	1317649
80	1317650
9402	1319471.4
20	1319472.4
40	1327620.3
62	1328153.5
8076	1328153.5
5	1328143
80	1328144
9403	1329935.4
20	1329936.4
30	1329936
9403	1330003
20	1330004
40	1338517.5
63	1339184
8077	1339184
5	1339170
80	1339171
9404	1341399.1
20	1341400.1
40	1347981.7
63	1348648.2
8078	1348648.2
5	1348626
80	1348627
9405	1351096.5
20	1351097.5
30	1351264
9405	1355812
20	1355813
40	1362028
62	1362494.6
8079	1362494.6
5	1362473
80	1362474
9406	1364842.9
20	1364843.9
40	1371908.8
61	1372408.6
8080	1372408.6
5	1372385
80	1372386
9407	1375740.1
20	1375741.1
40	1382539.3
62	1383072.5
8081	1383072.5
5	1383062
80	1383063
9408	1385470.9
20	1385471.9
40	1392969.9
61	1393436.5
8082	1393436.5
5	1393416
80	1393417
9409	1395984.8
20	1395985.8
40	1403250.6
61	1403733.8
8083	1403733.8
5	1403712
80	1403713
9410	1406198.8
20	1406199.8
30	1408432
9410	1412763.8
20	1412764.8
40	1416380.5
62	1416897.1
8084	1416897.1
5	1416885
80	1416886
9411	1419245.4
20	1419246.4
30	1419329
9411	1419645.3
20	1419646.3
30	1419846
9411	1420145.2
20	1420146.2
40	1428394.1
62	1429043.9
8085	1429043.9
5	1429021
80	1429022
9412	1431392.3
20	1431393.3
40	1437358.4
61	1437824.9
8086	1437824.9
5	1437812
80	1437813
9413	1440140
20	1440141
30	1440590
9413	1444022.3
20	1444023.3
40	1450355
63	1451571.3
8087	1451571.3
5	1451558
80	1451559
9414	1453136.6
20	1453137.6
40	1461752
61	1462318.5
8088	1462318.5
5	1462308
80	1462309
9415	1464866.9
20	1464867.9
40	1471149.6
62	1471649.4
8089	1471649.4
5	1471630
80	1471631
9416	1473781.2
20	1473782.2
30	1473782
9416	1473832.3
20	1473833.3
40	1481580.2
63	1482063.4
8090	1482063.4
5	1482052
80	1482053
9417	1482100
20	1482101
30	1482413
9417	1492426.4
20	1492427.4
40	1501108.4
61	1502074.9
8091	1502074.9
32	1504290
9417	1515020.5
20	1515021.5
30	1515071
9417	1515088.1
20	1515089.1
30	1515654
9417	1530216.5
20	1530217.5
30	1530517
9417	1535748.4
20	1535749.4
30	1536016
9417	1536015
20	1536016
30	1536164
9417	1540813.8
20	1540814.8
30	1541831
9417	1545779.1
20	1545780.1
40	1558726.8
61	1559276.6
8092	1559276.6
32	1560409
9417	1570306.1
20	1570307.1
30	1581170
9417	1597649
20	1597650
40	1607447.4
61	1608063.9
8093	1608063.9
5	1608049
80	1608050
9418	1611945.2
20	1611946.2
30	1617128
9418	1633389.6
20	1633390.6
30	1633873
9418	1634172.8
20	1634173.8
40	1640222.2
61	1640903.6
8094	1640903.6
5	1640898
80	1640899
9419	1643470.4
20	1643471.4
30	1644154
9419	1648419.1
20	1648420.1
30	1649036
9419	1651784.9
20	1651785.9
30	1651935
9419	1652034.8
20	1652035.8
30	1652535
9419	1654767.4
20	1654768.4
40	1664449.2
61	1665182.4
8095	1665182.4
5	1665167
80	1665168
9420	1668730.4
20	1668731.4
30	1671164
9420	1680993.9
20	1680994.9
30	1681061
9420	1681393.8
20	1681394.8
30	1681461
9420	1685776
20	1685777
30	1686093
9420	1686192.6
20	1686193.6
40	1695424.5
63	1696707.5
8096	1696707.5
32	1697307
9420	1704387.8
20	1704388.8
30	1705388
9420	1705954.1
20	1705955.1
30	1706121
9420	1706637.2
20	1706638.2
30	1706721
9420	1706953.8
20	1706954.8
30	1715819
9420	1719217.3
20	1719218.3
30	1720201
9420	1721333.4
20	1721334.4
30	1721767
9420	1745543.8
20	1745544.8
30	1749793
9420	1771670.3
20	1771671.3
30	1772954
9420	1773469.8
20	1773470.8
40	1778836.1
63	1779702.5
8097	1779702.5
5	1779682
80	1779683
9421	1783267.3
20	1783268.3
40	1790149.8
63	1790932.9
8098	1790932.9
5	1790919
80	1790920
9422	1793331.3
20	1793332.3
40	1799264.1
62	1799930.6
8099	1799930.6
5	1799918
80	1799919
9423	1802395.6
20	1802396.6
40	1809361.5
63	1810078
8100	1810078
5	1810061
80	1810062
9424	1812526.3
20	1812527.3
40	1818225.8
63	1818875.7
8101	1818875.7
32	1818975
9424	1819474.5
20	1819475.5
40	1835121.4
63	1835921.2
8102	1835921.2
5	1835902
80	1835903
101	1837570.8